timequantum	6000
diskrpm		7200
disksectors	72
310800	0	admit
1100	0	write	66
2300	0	read	68
4800	0	read	25
5000	0	write	3
5900	0	read	2
8400	0	read	53
14500	0	read	41
16700	0	read	49
17500	0	write	1
27100	0	read	8
370600	1	admit
3600	1	write	33
3700	1	write	57
4400	1	read	42
9400	1	write	9
10600	1	write	33
15900	1	read	47
17600	1	read	38
21000	1	write	33
21100	1	read	26
21400	1	write	56
21800	1	write	52
427500	2	admit
2800	2	write	10
4700	2	write	52
5900	2	read	58
126100	0	exit
10200	2	write	27
437800	3	admit
13000	2	read	54
13700	2	write	6
15300	2	write	46
5800	3	write	57
17300	2	read	30
17700	2	write	28
18500	2	read	28
19300	2	read	15
12900	3	write	31
15600	3	read	48
17600	3	read	24
22700	3	write	19
30100	3	read	67
33600	3	write	28
34600	3	read	15
530800	3	exit
643100	2	exit
768900	1	exit
