disksectors	30
diskrpm		5400
timequantum	20000
359000	0	admit
7000	0	read	24
21000	0	write	29
26000	0	write	19
33000	0	write	23
46000	0	read	4
47000	0	read	2
72000	0	read	23
74000	0	write	29
83000	0	write	18
92000	0	write	2
126000	0	write	20
143000	0	write	12
148000	0	write	4
177000	0	read	1
217000	0	write	25
228000	0	read	9
237000	0	write	27
262000	0	write	25
1276000	1	admit
2000	1	read	9
929000	0	exit
47000	1	write	22
90000	1	read	23
98000	1	write	26
110000	1	write	29
113000	1	read	0
114000	1	read	12
126000	1	read	27
129000	1	write	22
171000	1	read	22
189000	1	read	7
291000	1	read	28
304000	1	write	19
310000	1	read	26
340000	1	write	13
348000	1	write	19
1632000	2	admit
357000	1	write	29
371000	1	write	28
374000	1	read	15
387000	1	write	4
63000	2	read	5
67000	2	write	6
439000	1	write	25
464000	1	write	12
488000	1	read	10
512000	1	read	5
166000	2	write	0
169000	2	write	29
532000	1	read	8
177000	2	write	1
178000	2	read	14
551000	1	write	3
552000	1	read	7
226000	2	read	0
600000	1	read	28
625000	1	read	11
272000	2	read	8
290000	2	read	12
306000	2	write	17
353000	2	write	25
354000	2	read	10
362000	2	read	23
378000	2	read	8
397000	2	write	10
400000	2	read	25
423000	2	write	2
424000	2	read	24
432000	2	read	20
446000	2	write	28
449000	2	write	3
453000	2	read	9
2531000	1	exit
2785000	2	exit
