timequantum	20000
diskrpm		4200
disksectors	24
515000	0	admit
8000	0	write	13
27000	0	read	11
31000	0	write	11
64000	0	write	10
91000	0	read	18
100000	0	read	9
127000	0	write	19
192000	0	read	22
193000	0	read	9
195000	0	read	4
208000	0	read	23
209000	0	read	0
239000	0	read	12
241000	0	read	5
248000	0	write	13
271000	0	write	10
290000	0	write	12
328000	0	write	8
338000	0	write	0
353000	0	read	3
358000	0	write	16
407000	0	read	20
412000	0	write	13
429000	0	read	18
431000	0	write	23
433000	0	read	6
460000	0	write	11
526000	0	exit
2782000	1	admit
8000	1	read	18
37000	1	read	10
63000	1	read	1
72000	1	write	17
74000	1	write	17
86000	1	write	13
98000	1	write	18
140000	1	read	23
209000	1	write	23
219000	1	read	16
239000	1	write	22
242000	1	read	15
251000	1	read	6
257000	1	write	4
264000	1	write	4
320000	1	read	18
340000	1	write	13
343000	1	write	17
361000	1	read	1
1610000	1	exit
